1010
1020
1030
1040
1050
1060
1070
1080
1090
1100
1110
1120
1130
1140
1150
1160
1170
1180
1190
1200
1210
1220
1230
2000
2002
2020
2054
2062
2070
2093
2100
2100
2102
2111
2114
2115
2120
2122
2130
2152
2152
2500
2680
2700
2822
3312
3550
3580
3860
3943
3950
4020
4030
4040
4052
4070
4400
4470
4800
4801
4802
4810
4812
4813
4816
4817
4819
4820
4821
4822
4823
4824
4825
4829
4830
4831
4840
4841
4844
4845
4850
4851
4852
4854
4860
4861
4862
4863
4864
4865
4866
4870
4871
4873
4874
4882
4890
4891
4892
50xx-52xx
5222
5071,
5081
5090
5101
5102
5111
5323
5340
5350-5359
5350
5400
5421
5424
5431
5441
5450
5500
5511
5524
5550
5570
5580
5583
5584
5622
5630
5640
5661
5710
5722
5730
5743
5753
5760
6080
6080
6060
6067
6071
6072
6073
6100
6112
6142
6166
6173
6401
6402
6410
6460
9900
9903
9904
9905
9906
9907
9908
9909
9911
9912
9913
9918
9919
9920
9922
9931
9932
9941
9942
9943
9951
9954
9972
9990
9991
9992
6733
6763
6764
6774
6780
6800
6820
6830
6840
6845
6850
6858
6863
6867
6870
6870
6874
6881
6883
6886
6890
6900
6911
6922
6923
6942
6971
6991
2443
2443
2443
7000
7011
7011
7013
7024
7034
7035
7041
7051
7052
7053
7064
7082
7091
7422-7423
7423
7421
8020
8036
8041
8350-8399
8330
8510
8523
8530
8671
8680
9020
9100
9145
9150
9170
9300
9341
9342
9400
9473
9470
9500
9545
9546
9560
9570
9620
9632
9701
9702
9711
9712
9713
9714
9781
9805
9811
9812
9813
9814
9815
9816
9821
9822
9831
9832
9833
9841
9842
9843
9844
9851
9852
9853
9854
9861
9862
9871
9872
9873
